13 0.000000 0.341667 0.016875 0.427500
13 0.000000 0.350000 0.070000 0.427500
13 0.000000 0.419167 0.138125 0.695000
13 0.001250 0.348333 0.086875 0.598333
13 0.048125 0.351667 0.130625 0.403333
13 0.061875 0.410833 0.377500 0.710000
13 0.081250 0.355000 0.185000 0.655000
13 0.084375 0.369167 0.187500 0.456667
13 0.173125 0.386667 0.209375 0.438333
13 0.174375 0.348333 0.382500 0.430833
13 0.187500 0.386667 0.423750 0.595000
13 0.195000 0.346667 0.230000 0.390000
13 0.218125 0.359167 0.329375 0.401667
13 0.226250 0.445000 0.341250 0.785833
13 0.261250 0.390000 0.342500 0.432500
13 0.297500 0.341667 0.376250 0.398333
13 0.371875 0.406667 0.463750 0.640833
13 0.383750 0.348333 0.439375 0.401667
13 0.421250 0.348333 0.657500 0.424167
13 0.421250 0.348333 0.673125 0.519167
13 0.453750 0.415833 0.691250 0.689167
13 0.498750 0.340000 0.566875 0.360833
13 0.535625 0.420000 0.785000 0.789167
13 0.608750 0.382500 0.824375 0.625833
13 0.650000 0.335000 0.836875 0.406667
13 0.653750 0.335000 0.748125 0.359167
13 0.688750 0.410833 0.946875 0.734167
13 0.816250 0.343333 0.938125 0.689167
13 0.821875 0.335000 0.878750 0.365833