13 0.000000 0.238278 0.356875 0.325903
13 0.010000 0.242121 0.073750 0.304381
13 0.072500 0.239047 0.139375 0.307456
13 0.157500 0.242121 0.223125 0.307456
13 0.220625 0.560338 0.640625 0.907763
13 0.230625 0.239047 0.296250 0.304381
13 0.273750 0.239047 0.358750 0.314374
13 0.308125 0.526518 0.468750 0.906226
13 0.429375 0.212145 0.619375 0.346656
13 0.433750 0.478862 0.584375 0.598770
13 0.606875 0.229823 0.780000 0.363566
13 0.754375 0.269792 0.796250 0.307456
13 0.780000 0.229823 0.883750 0.298232
13 0.829375 0.275173 0.882500 0.308993
13 0.871250 0.231360 0.957500 0.382782