12 0.805000 0.627500 0.945625 0.773333
12 0.020000 0.275000 0.063125 0.338333
12 0.028125 0.191667 0.058750 0.228333
12 0.050000 0.557500 0.166250 0.676667
12 0.105625 0.259167 0.146875 0.307500
12 0.201250 0.250833 0.225625 0.267500
12 0.213750 0.286667 0.248750 0.320833
12 0.261875 0.209167 0.283750 0.240000
12 0.268125 0.312500 0.296875 0.380000
12 0.283750 0.300833 0.312500 0.330000
12 0.317500 0.286667 0.351250 0.341667
12 0.339375 0.276667 0.368750 0.340000
12 0.371875 0.719167 0.460625 0.922500
12 0.449375 0.205833 0.459375 0.235000
12 0.463125 0.260833 0.488125 0.291667
12 0.475000 0.257500 0.499375 0.314167
12 0.488125 0.247500 0.508750 0.276667
12 0.545000 0.265833 0.565625 0.300833
12 0.570625 0.283333 0.610625 0.305833
12 0.598750 0.262500 0.628750 0.288333
12 0.618125 0.378333 0.685625 0.469167
12 0.648125 0.278333 0.672500 0.310833
12 0.663750 0.497500 0.777500 0.576667
12 0.686875 0.275000 0.708750 0.309167
12 0.702500 0.276667 0.726875 0.295000
12 0.738750 0.300833 0.751250 0.330000
12 0.828750 0.360833 0.857500 0.400833
12 0.878125 0.554167 0.960625 0.614167