13 0.064375 0.395872 0.214375 0.560037
13 0.000000 0.378049 0.007500 0.468105
13 0.000000 0.478424 0.034375 0.610694
13 0.012500 0.403377 0.128125 0.524390
13 0.115625 0.088180 0.140000 0.117261
13 0.141250 0.130394 0.163125 0.179174
13 0.165625 0.098499 0.196250 0.122889
13 0.213125 0.175422 0.245000 0.221388
13 0.276875 0.478424 0.381875 0.642589
13 0.276875 0.544090 0.414375 0.712008
13 0.310625 0.415572 0.448750 0.538462
13 0.337500 0.395872 0.400000 0.527205
13 0.395000 0.317073 0.469375 0.423077
13 0.516875 0.525328 0.657500 0.684803
13 0.586875 0.369606 0.629375 0.478424
13 0.635625 0.573171 0.758750 0.759850
13 0.730625 0.357411 0.785625 0.455910
13 0.758750 0.442777 0.848750 0.582552
13 0.770625 0.513133 0.920000 0.663227
13 0.784375 0.075047 0.802500 0.088180
13 0.789375 0.284240 0.848750 0.351782
13 0.844375 0.086304 0.863750 0.115385
13 0.856250 0.415572 0.902500 0.521576
13 0.858750 0.165103 0.886875 0.207317
13 0.874375 0.071295 0.891875 0.091932