8 0.029375 0.173833 0.081875 0.261665
8 0.031875 0.348582 0.088125 0.436414
8 0.139375 0.475755 0.234375 0.605672
8 0.244375 0.309241 0.291875 0.423605
8 0.308750 0.191217 0.349375 0.307411
8 0.360000 0.408051 0.415000 0.530650
8 0.376875 0.150961 0.446875 0.261665
8 0.503125 0.061299 0.551875 0.138152
8 0.530625 0.509607 0.613750 0.627630
8 0.531875 0.870082 0.607500 0.976212
8 0.616250 0.483074 0.658750 0.580970
8 0.759375 0.063129 0.810625 0.136322
8 0.872500 0.343092 0.960625 0.472095
8 0.926250 0.168344 0.970000 0.288198