12 0.000000 0.545798 0.086875 0.644004
12 0.038125 0.831917 0.105000 0.961284
12 0.042500 0.576015 0.110000 0.762040
12 0.081875 0.737488 0.115000 0.841360
12 0.101250 0.645892 0.193750 0.841360
12 0.108750 0.627007 0.145000 0.690274
12 0.142500 0.644004 0.195000 0.737488
12 0.174375 0.756374 0.235625 0.888574
12 0.189375 0.466478 0.396875 0.623229
12 0.203750 0.776204 0.266250 0.938621
12 0.228125 0.653447 0.339375 0.839471
12 0.239375 0.927290 0.313750 0.999056
12 0.275625 0.754485 0.358750 0.870633
12 0.297500 0.831917 0.381875 0.990557
12 0.305000 0.774315 0.381875 0.903683
12 0.310000 0.516525 0.467500 0.756374
12 0.418750 0.885741 0.466250 0.999056
12 0.429375 0.437205 0.753125 0.934844
12 0.456250 0.953730 0.495625 0.999056
12 0.510000 0.439093 0.660000 0.588291
12 0.649375 0.510859 0.694375 0.595845
12 0.767500 0.508971 0.999375 0.644004