13 0.830625 0.439736 0.966875 0.616761
13 0.239375 0.406780 0.373750 0.548023
13 0.304375 0.503766 0.480000 0.685499
13 0.508125 0.443503 0.568750 0.516949
13 0.567500 0.463277 0.611875 0.507533
13 0.572500 0.470810 0.718125 0.632768
13 0.618750 0.389830 0.698125 0.474576
13 0.676250 0.439736 0.796250 0.588512
13 0.713125 0.387947 0.795000 0.501883
13 0.776250 0.432203 0.815625 0.485876
13 0.813125 0.387947 0.908125 0.465160
13 0.915625 0.374765 0.985000 0.417137
13 0.921875 0.403013 0.999375 0.538606