2 0.207031 0.552734 0.282552 0.660156
2 0.261719 0.541992 0.401042 0.589844
2 0.334635 0.518555 0.464844 0.558594
2 0.376302 0.571289 0.480469 0.761719
2 0.464844 0.534180 0.532552 0.641602
2 0.598958 0.538086 0.665365 0.610352
2 0.855469 0.527344 0.957031 0.664062
2 0.925781 0.496094 0.998698 0.556641
13 0.502604 0.708984 0.699219 0.862305
13 0.210938 0.553711 0.276042 0.631836
13 0.261719 0.536133 0.324219 0.596680
13 0.311198 0.517578 0.460938 0.595703
13 0.368490 0.568359 0.467448 0.764648
13 0.464844 0.541016 0.541667 0.630859
13 0.585938 0.536133 0.679688 0.617188
13 0.855469 0.523438 0.957031 0.653320