10 0.067500 0.694784 0.143125 0.791343
10 0.166250 0.706992 0.209375 0.763596
10 0.280000 0.713651 0.303125 0.782464
10 0.308125 0.672586 0.359375 0.741398
10 0.343125 0.704772 0.355625 0.761376
10 0.368750 0.682575 0.421250 0.728080
10 0.390000 0.715871 0.440000 0.782464
10 0.481250 0.695893 0.526250 0.763596
10 0.516875 0.648169 0.555625 0.698113
10 0.543750 0.698113 0.571875 0.768036
10 0.616875 0.718091 0.650625 0.765816
10 0.706875 0.643729 0.740000 0.689234
10 0.758125 0.652608 0.801250 0.684795
10 0.792500 0.629301 0.826875 0.691454
10 0.852500 0.720311 0.909375 0.786903
10 0.859375 0.689234 0.914375 0.743618
10 0.871875 0.643729 0.905000 0.691454
10 0.937500 0.650388 0.968125 0.684795