3 0.000000 0.516875 0.218884 0.619375
3 0.000000 0.891250 0.377682 0.940625
3 0.012876 0.150000 0.706009 0.269375
3 0.137339 0.515625 0.665236 0.626250
3 0.347639 0.679375 0.557940 0.768125
3 0.394850 0.877500 0.693133 0.913125
3 0.446352 0.127500 0.665236 0.266250
3 0.476395 0.332500 0.997854 0.397500
3 0.530043 0.348125 0.997854 0.501875
3 0.553648 0.889375 0.974249 0.952500
3 0.587983 0.679375 0.929185 0.793750
3 0.618026 0.285000 0.997854 0.349375
10 0.120172 0.308750 0.566524 0.438750
10 0.255365 0.006250 0.624463 0.112500
10 0.309013 0.681250 0.577253 0.788750
10 0.566524 0.530625 0.918455 0.626250
10 0.624463 0.220000 0.918455 0.273125