13 0.446250 0.483114 0.538750 0.597561
13 0.000000 0.513133 0.010625 0.584428
13 0.036250 0.442777 0.083750 0.492495
13 0.074375 0.501876 0.136250 0.565666
13 0.090000 0.439962 0.116875 0.481238
13 0.115625 0.424953 0.143750 0.476548
13 0.169375 0.408068 0.208125 0.448405
13 0.195000 0.484991 0.232500 0.534709
13 0.210625 0.519700 0.256875 0.604128
13 0.247500 0.454034 0.313125 0.521576
13 0.287500 0.507505 0.320625 0.573171
13 0.310625 0.409944 0.347500 0.452158
13 0.359375 0.470919 0.426875 0.551595
13 0.374375 0.417448 0.397500 0.446529
13 0.380625 0.415572 0.425625 0.467167
13 0.396250 0.397749 0.411875 0.419325
13 0.415625 0.521576 0.446250 0.600375
13 0.423125 0.404315 0.466875 0.438086
13 0.450000 0.444653 0.479375 0.490619
13 0.460000 0.395872 0.498750 0.434334
13 0.510000 0.399625 0.553750 0.436210
13 0.571875 0.409944 0.586875 0.446529
13 0.592500 0.434334 0.643750 0.488743
13 0.600000 0.540338 0.641250 0.573171
13 0.605000 0.428705 0.620625 0.481238
13 0.607500 0.388368 0.635625 0.423077
13 0.611250 0.465291 0.656250 0.542214
13 0.638125 0.393996 0.666875 0.428705
13 0.643750 0.496248 0.661250 0.525328
13 0.666875 0.399625 0.710000 0.438086
13 0.707500 0.450281 0.735625 0.488743
13 0.726875 0.408068 0.748750 0.450281
13 0.741875 0.409944 0.805000 0.470919
13 0.803750 0.434334 0.828125 0.494371
13 0.803750 0.511257 0.850000 0.565666
13 0.836875 0.384615 0.886875 0.430582
13 0.852500 0.399625 0.907500 0.450281
13 0.863750 0.454034 0.925625 0.538462
13 0.879375 0.419325 0.931875 0.481238
13 0.926875 0.397749 0.968750 0.442777
13 0.956250 0.463415 0.993125 0.503752
13 0.961250 0.399625 0.999375 0.442777